1 57184U 23091U   23187.65900573  .00002500  00000-0  18480-3 0  9997
2 57184  97.6671 238.2962 0014553 201.6003 158.4610 15.04047871  1367
1 57184U 23091U   23188.32429535  .00002601  00000-0  19210-3 0  9990
2 57184  97.6668 238.9563 0014577 199.4433 160.6238 15.04051265  1468
1 57184U 23091U   23188.98958293  .00002710  00000-0  19988-3 0  9993
2 57184  97.6667 239.6157 0014742 197.2085 162.8643 15.04054917  1569
1 57184U 23091U   23189.38875501  .00002702  00000-0  19933-3 0  9999
2 57184  97.6667 240.0115 0014788 195.8808 164.1956 15.04056837  1628
1 57184U 23091U   23189.85445542  .00002533  00000-0  18710-3 0  9993
2 57184  97.6665 240.4732 0014839 194.3937 165.6868 15.04058420  1694
1 57184U 23091U   23190.18709803  .00002321  00000-0  17182-3 0  9991
2 57184  97.6665 240.8031 0014887 193.3900 166.6933 15.04059401  1742
1 57184U 23091U   23190.38668347  .00002346  00000-0  17364-3 0  9999
2 57184  97.6664 241.0010 0014902 192.7024 167.3828 15.04060375  1775
1 57184U 23091U   23190.78585410  .00002072  00000-0  15385-3 0  9999
2 57184  97.6663 241.3967 0014949 191.4533 168.6355 15.04061323  1830
1 57184U 23091U   23191.18502401  .00001996  00000-0  14836-3 0  9997
2 57184  97.6662 241.7925 0014992 190.2710 169.8211 15.04063041  1898
1 57184U 23091U   23191.45113726  .00001863  00000-0  13879-3 0  9994
2 57184  97.6663 242.0564 0015018 189.4463 170.6482 15.04063899  1933
1 57184U 23091U   23191.78377852  .00001770  00000-0  13208-3 0  9995
2 57184  97.6662 242.3862 0015051 188.4638 171.6337 15.04065007  1984
1 57184U 23091U   23192.11641956  .00001632  00000-0  12214-3 0  9995
2 57184  97.6661 242.7159 0015086 187.4762 172.6241 15.04065914  2030
1 57184U 23091U   23192.44906028  .00001792  00000-0  13369-3 0  9994
2 57184  97.6661 243.0458 0015119 186.4125 173.6910 15.04067587  2082
1 57184U 23091U   23192.78170059  .00001982  00000-0  14736-3 0  9998
2 57184  97.6661 243.3756 0015159 185.3907 174.7158 15.04069506  2131
1 57184U 23091U   23193.11434053  .00002205  00000-0  16339-3 0  9993
2 57184  97.6660 243.7053 0015177 184.3950 175.7145 15.04071525  2187
1 57184U 23091U   23193.38045224  .00002311  00000-0  17103-3 0  9998
2 57184  97.6659 243.9691 0015210 183.5671 176.5448 15.04073028  2224
1 57184U 23091U   23193.77961938  .00002589  00000-0  19104-3 0  9990
2 57184  97.6658 244.3648 0015245 182.3525 177.7631 15.04075636  2283
1 57184U 23091U   23194.71100750  .00002670  00000-0  19685-3 0  9997
2 57184  97.6656 245.2882 0015323 179.5364 180.5879 15.04080163  2420
1 57184U 23091U   23195.11017276  .00002897  00000-0  21317-3 0  9998
2 57184  97.6655 245.6839 0015358 178.3324 181.7956 15.04082825  2488
1 57184U 23091U   23195.37628290  .00002893  00000-0  21287-3 0  9992
2 57184  97.6655 245.9477 0015384 177.5201 182.6103 15.04083995  2521
1 57184U 23091U   23195.70891950  .00003227  00000-0  23690-3 0  9996
2 57184  97.6654 246.2775 0015401 176.5186 183.6150 15.04086935  2571
1 57184U 23091U   23196.10808331  .00003431  00000-0  25163-3 0  9996
2 57184  97.6652 246.6731 0015453 175.3805 184.7566 15.04089005  2638
1 57184U 23091U   23196.44071906  .00003603  00000-0  26393-3 0  9990
2 57184  97.6652 247.0030 0015471 174.3525 185.7878 15.04091404  2681
1 57184U 23091U   23196.77335472  .00003394  00000-0  24887-3 0  9990
2 57184  97.6652 247.3328 0015491 173.3453 186.7981 15.04092773  2737
1 57184U 23091U   23197.10598968  .00003339  00000-0  24496-3 0  9994
2 57184  97.6650 247.6625 0015518 172.3719 187.7746 15.04094811  2782
1 57184U 23091U   23197.37209740  .00003158  00000-0  23189-3 0  9997
2 57184  97.6650 247.9264 0015536 171.5500 188.5991 15.04096057  2823
1 57184U 23091U   23197.77125835  .00003355  00000-0  24604-3 0  9995
2 57184  97.6650 248.3222 0015548 170.2612 189.8918 15.04099248  2889
1 57184U 23091U   23197.97083855  .00003495  00000-0  25611-3 0  9996
2 57184  97.6650 248.5200 0015566 169.6346 190.5204 15.04100746  2910
1 57184U 23091U   23198.43652434  .00004067  00000-0  29721-3 0  9995
2 57184  97.6648 248.9817 0015597 168.2435 191.9158 15.04105455  2985
1 57184U 23091U   23198.76915666  .00004181  00000-0  30540-3 0  9998
2 57184  97.6647 249.3115 0015616 167.1829 192.9797 15.04108001  3034
1 57184U 23091U   23199.10178818  .00004423  00000-0  32282-3 0  9991
2 57184  97.6647 249.6412 0015638 166.1447 194.0211 15.04111117  3087
1 57184U 23091U   23199.43441857  .00004883  00000-0  35583-3 0  9990
2 57184  97.6647 249.9710 0015659 165.0828 195.0863 15.04115270  3139
1 57184U 23091U   23199.70052299  .00004497  00000-0  32805-3 0  9993
2 57184  97.6647 250.2348 0015670 164.2419 195.9297 15.04116498  3178
1 57184U 23091U   23200.09967845  .00004537  00000-0  33093-3 0  9995
2 57184  97.6646 250.6306 0015696 162.9697 197.2058 15.04120055  3237
1 57184U 23091U   23200.43230734  .00004460  00000-0  32535-3 0  9998
2 57184  97.6647 250.9604 0015722 161.9152 198.2636 15.04122922  3280
1 57184U 23091U   23200.83146132  .00004493  00000-0  32768-3 0  9994
2 57184  97.6647 251.3562 0015744 160.6364 199.5464 15.04126216  3343
1 57184U 23091U   23201.76281684  .00004601  00000-0  33534-3 0  9992
2 57184  97.6649 252.2796 0015809 157.5686 202.6234 15.04134615  3486
1 57184U 23091U   23202.09544221  .00004856  00000-0  35363-3 0  9992
2 57184  97.6647 252.6093 0015830 156.5437 203.6514 15.04138216  3534
1 57184U 23091U   23202.42806743  .00004553  00000-0  33188-3 0  9996
2 57184  97.6648 252.9391 0015857 155.4213 204.7772 15.04140256  3588
1 57184U 23091U   23202.76069187  .00004464  00000-0  32546-3 0  9994
2 57184  97.6650 253.2689 0015872 154.2768 205.9250 15.04143153  3633
1 57184U 23091U   23205.55471105  .00003805  00000-0  27791-3 0  9995
2 57184  97.6658 256.0393 0016103 144.9111 215.3179 15.04166140  4053
1 57184U 23091U   23206.55256438  .00003856  00000-0  28147-3 0  9998
2 57184  97.6661 257.0287 0016210 141.5596 218.6788 15.04174805  4205
1 57184U 23091U   23207.55041193  .00004380  00000-0  31902-3 0  9995
2 57184  97.6664 258.0182 0016325 138.1952 222.0524 15.04184510  4355
1 57184U 23091U   23207.74998080  .00004340  00000-0  31611-3 0  9995
2 57184  97.6664 258.2160 0016358 137.5398 222.7097 15.04185983  4386
1 57184U 23091U   23207.88302666  .00004254  00000-0  30996-3 0  9998
2 57184  97.6664 258.3479 0016372 137.0829 223.1677 15.04186785  4403
1 57184U 23091U   23208.08259508  .00004194  00000-0  30563-3 0  9990
2 57184  97.6665 258.5459 0016391 136.4056 223.8468 15.04188515  4431
1 57184U 23091U   23208.41520876  .00003888  00000-0  28364-3 0  9991
2 57184  97.6666 258.8757 0016437 135.3005 224.9549 15.04190627  4483
1 57184U 23091U   23208.54825408  .00003788  00000-0  27642-3 0  9991
2 57184  97.6666 259.0077 0016448 134.8488 225.4077 15.04191477  4501
1 57184U 23091U   23208.74782181  .00003733  00000-0  27245-3 0  9992
2 57184  97.6667 259.2056 0016468 134.1931 226.0651 15.04193006  4537
1 57184U 23091U   23208.88086690  .00003725  00000-0  27187-3 0  9995
2 57184  97.6667 259.3376 0016488 133.7456 226.5137 15.04193989  4558
1 57184U 23091U   23209.08043429  .00003719  00000-0  27148-3 0  9991
2 57184  97.6667 259.5355 0016504 133.0905 227.1705 15.04195651  4587
1 57184U 23091U   23209.41304640  .00003254  00000-0  23804-3 0  9992
2 57184  97.6668 259.8653 0016549 131.9852 228.2786 15.04197178  4632
1 57184U 23091U   23209.54609119  .00003285  00000-0  24031-3 0  9992
2 57184  97.6667 259.9973 0016559 131.5615 228.7034 15.04197698  4651
1 57184U 23091U   23209.74565805  .00003316  00000-0  24250-3 0  9995
2 57184  97.6667 260.1952 0016585 130.8767 229.3899 15.04199219  4681
1 57184U 23091U   23210.07826888  .00003404  00000-0  24877-3 0  9997
2 57184  97.6667 260.5251 0016618 129.7798 230.4894 15.04201973  4730
1 57184U 23091U   23210.41087896  .00003467  00000-0  25327-3 0  9993
2 57184  97.6669 260.8549 0016676 128.6324 231.6398 15.04205330  4780
1 57184U 23091U   23210.74348886  .00003568  00000-0  26052-3 0  9996
2 57184  97.6668 261.1847 0016724 127.5531 232.7217 15.04207859  4832
1 57184U 23091U   23211.07609792  .00003679  00000-0  26847-3 0  9994
2 57184  97.6668 261.5146 0016766 126.4650 233.8124 15.04210776  4880
1 57184U 23091U   23211.40870684  .00003369  00000-0  24624-3 0  9998
2 57184  97.6668 261.8445 0016814 125.4015 234.8784 15.04212279  4932
1 57184U 23091U   23211.74131489  .00003541  00000-0  25855-3 0  9997
2 57184  97.6667 262.1743 0016858 124.3267 235.9557 15.04215172  4981
