1 57180U 23091Q   23187.66455220  .00004061  00000-0  30418-3 0  9997
2 57180  97.6673 238.2961 0018685 207.2600 152.7646 15.03138645  1364
1 57180U 23091Q   23188.72965733  .00004773  00000-0  35655-3 0  9998
2 57180  97.6672 239.3509 0018801 203.5073 156.5294 15.03148404  1529
1 57180U 23091Q   23189.06250137  .00004730  00000-0  35337-3 0  9991
2 57180  97.6671 239.6806 0018837 202.3628 157.6777 15.03151015  1578
1 57180U 23091Q   23189.39534475  .00004656  00000-0  34787-3 0  9992
2 57180  97.6671 240.0102 0018872 201.1947 158.8498 15.03153658  1627
1 57180U 23091Q   23189.86132484  .00004345  00000-0  32489-3 0  9990
2 57180  97.6671 240.4718 0018923 199.6228 160.4271 15.03156586  1692
1 57180U 23091Q   23190.06103007  .00004401  00000-0  32902-3 0  9996
2 57180  97.6671 240.6695 0018946 198.9605 161.0917 15.03158490  1728
1 57180U 23091Q   23190.46044024  .00003511  00000-0  26340-3 0  9993
2 57180  97.6672 241.0651 0018999 197.6100 162.4469 15.03159613  1781
1 57180U 23091Q   23190.72671321  .00003513  00000-0  26358-3 0  9999
2 57180  97.6672 241.3288 0019026 196.7245 163.3355 15.03161735  1829
1 57180U 23091Q   23191.19269001  .00003365  00000-0  25264-3 0  9999
2 57180  97.6672 241.7902 0019084 195.2077 164.8577 15.03164977  1897
1 57180U 23091Q   23191.39239408  .00003430  00000-0  25737-3 0  9997
2 57180  97.6672 241.9879 0019106 194.5317 165.5361 15.03166546  1923
1 57180U 23091Q   23191.79180176  .00003312  00000-0  24865-3 0  9998
2 57180  97.6672 242.3834 0019162 193.2009 166.8717 15.03169093  1980
1 57180U 23091Q   23192.12464102  .00003121  00000-0  23457-3 0  9994
2 57180  97.6671 242.7129 0019194 192.1745 167.9019 15.03170943  2030
1 57180U 23091Q   23192.39091199  .00003242  00000-0  24348-3 0  9999
2 57180  97.6672 242.9765 0019221 191.2880 168.7916 15.03172998  2071
1 57180U 23091Q   23192.65718248  .00003578  00000-0  26821-3 0  9999
2 57180  97.6671 243.2401 0019261 190.3994 169.6836 15.03175795  2115
1 57180U 23091Q   23193.12315512  .00003700  00000-0  27717-3 0  9991
2 57180  97.6670 243.7014 0019335 188.9318 171.1566 15.03179433  2182
1 57180U 23091Q   23193.38942465  .00003883  00000-0  29061-3 0  9998
2 57180  97.6670 243.9651 0019359 188.0597 172.0320 15.03181762  2228
1 57180U 23091Q   23193.78882817  .00004246  00000-0  31734-3 0  9990
2 57180  97.6669 244.3606 0019408 186.8013 173.2951 15.03185754  2289
1 57180U 23091Q   23194.72076641  .00004092  00000-0  30590-3 0  9993
2 57180  97.6667 245.2834 0019504 183.8844 176.2233 15.03192955  2429
1 57180U 23091Q   23194.85389997  .00004369  00000-0  32626-3 0  9997
2 57180  97.6667 245.4152 0019519 183.4757 176.6336 15.03194621  2441
1 57180U 23091Q   23195.38643354  .00004430  00000-0  33068-3 0  9996
2 57180  97.6665 245.9425 0019576 181.8279 178.2878 15.03199153  2524
1 57180U 23091Q   23195.71926577  .00004794  00000-0  35748-3 0  9994
2 57180  97.6664 246.2721 0019604 180.8200 179.2996 15.03203185  2579
1 57180U 23091Q   23196.05209766  .00004833  00000-0  36027-3 0  9991
2 57180  97.6663 246.6016 0019643 179.7830 180.3408 15.03205974  2623
1 57180U 23091Q   23196.38492849  .00004989  00000-0  37176-3 0  9991
2 57180  97.6661 246.9311 0019673 178.7749 181.3528 15.03209419  2670
1 57180U 23091Q   23196.78432501  .00004571  00000-0  34098-3 0  9991
2 57180  97.6659 247.3266 0019714 177.5570 182.5755 15.03212287  2735
1 57180U 23091Q   23197.11715464  .00004341  00000-0  32402-3 0  9993
2 57180  97.6658 247.6561 0019742 176.5603 183.5762 15.03215024  2788
1 57180U 23091Q   23197.38341801  .00003823  00000-0  28593-3 0  9992
2 57180  97.6656 247.9198 0019766 175.7740 184.3655 15.03216215  2822
1 57180U 23091Q   23197.78281229  .00003902  00000-0  29167-3 0  9999
2 57180  97.6654 248.3152 0019789 174.5773 185.5671 15.03219754  2881
1 57180U 23091Q   23197.98250920  .00006136  00000-0  45590-3 0  9995
2 57180  97.6652 248.5130 0019811 173.9631 186.1837 15.03222439  2918
1 57180U 23091Q   23198.38190143  .00005433  00000-0  40414-3 0  9999
2 57180  97.6650 248.9085 0019830 172.7679 187.3837 15.03227595  2976
1 57180U 23091Q   23198.71472809  .00005127  00000-0  38164-3 0  9997
2 57180  97.6648 249.2379 0019870 171.7892 188.3662 15.03230134  3020
1 57180U 23091Q   23199.11411883  .00005375  00000-0  39977-3 0  9995
2 57180  97.6646 249.6334 0019906 170.6071 189.5530 15.03234459  3087
1 57180U 23091Q   23199.38037852  .00005654  00000-0  42030-3 0  9998
2 57180  97.6644 249.8970 0019899 169.7523 190.4112 15.03237940  3125
1 57180U 23091Q   23199.71320298  .00004897  00000-0  36466-3 0  9998
2 57180  97.6642 250.2265 0019917 168.7606 191.4068 15.03239712  3173
1 57180U 23091Q   23200.11259113  .00004724  00000-0  35189-3 0  9992
2 57180  97.6641 250.6219 0019937 167.5582 192.6139 15.03243421  3238
1 57180U 23091Q   23200.37884930  .00004810  00000-0  35814-3 0  9992
2 57180  97.6639 250.8856 0019947 166.7460 193.4293 15.03246074  3272
1 57180U 23091Q   23200.57854289  .00004455  00000-0  33207-3 0  9997
2 57180  97.6638 251.0833 0019964 166.1703 194.0074 15.03247237  3302
1 57180U 23091Q   23201.77669850  .00004638  00000-0  34544-3 0  9996
2 57180  97.6632 252.2695 0020009 162.5331 197.6587 15.03258285  3486
1 57180U 23091Q   23202.10951755  .00005376  00000-0  39952-3 0  9990
2 57180  97.6632 252.5990 0020025 161.5408 198.6549 15.03263039  3537
1 57180U 23091Q   23202.37577262  .00005135  00000-0  38186-3 0  9997
2 57180  97.6631 252.8626 0020030 160.7273 199.4714 15.03264769  3570
1 57180U 23091Q   23202.77515439  .00005086  00000-0  37822-3 0  9990
2 57180  97.6631 253.2578 0020057 159.5427 200.6606 15.03268622  3631
1 57180U 23091Q   23205.50423230  .00005272  00000-0  39156-3 0  9990
2 57180  97.6629 255.9592 0020130 151.1742 209.0600 15.03297085  4041
1 57180U 23091Q   23206.56922399  .00005338  00000-0  39624-3 0  9990
2 57180  97.6631 257.0134 0020183 147.9069 212.3389 15.03308454  4204
1 57180U 23091Q   23207.43452300  .00006419  00000-0  47538-3 0  9991
2 57180  97.6634 257.8700 0020198 145.1239 215.1314 15.03320267  4338
1 57180U 23091Q   23207.76732833  .00006854  00000-0  50715-3 0  9993
2 57180  97.6635 258.1994 0020206 144.0858 216.1730 15.03325446  4385
1 57180U 23091Q   23207.90045050  .00006654  00000-0  49252-3 0  9999
2 57180  97.6635 258.3312 0020218 143.6536 216.6067 15.03326474  4405
1 57180U 23091Q   23208.10013310  .00006711  00000-0  49664-3 0  9997
2 57180  97.6636 258.5288 0020223 143.0025 217.2599 15.03329296  4438
1 57180U 23091Q   23208.36637603  .00006469  00000-0  47889-3 0  9999
2 57180  97.6638 258.7924 0020227 142.1636 218.1016 15.03332125  4474
1 57180U 23091Q   23208.56605791  .00006235  00000-0  46170-3 0  9997
2 57180  97.6638 258.9900 0020227 141.5183 218.7490 15.03334355  4503
1 57180U 23091Q   23208.76573947  .00006003  00000-0  44465-3 0  9994
2 57180  97.6640 259.1877 0020235 140.9115 219.3577 15.03336447  4539
1 57180U 23091Q   23208.89886025  .00006070  00000-0  44954-3 0  9999
2 57180  97.6640 259.3195 0020241 140.4877 219.7828 15.03338300  4556
1 57180U 23091Q   23209.09854109  .00006041  00000-0  44742-3 0  9993
2 57180  97.6641 259.5172 0020248 139.8681 220.4045 15.03341036  4589
1 57180U 23091Q   23209.36478204  .00005488  00000-0  40688-3 0  9990
2 57180  97.6641 259.7809 0020251 139.0102 221.2650 15.03343018  4620
1 57180U 23091Q   23209.56446228  .00005336  00000-0  39569-3 0  9991
2 57180  97.6642 259.9785 0020258 138.3678 221.9094 15.03345340  4655
1 57180U 23091Q   23209.76414230  .00005271  00000-0  39094-3 0  9992
2 57180  97.6643 260.1762 0020270 137.7278 222.5514 15.03347540  4689
1 57180U 23091Q   23210.09694164  .00005415  00000-0  40141-3 0  9991
2 57180  97.6643 260.5057 0020279 136.6106 223.6720 15.03351500  4735
1 57180U 23091Q   23210.36318015  .00005912  00000-0  43777-3 0  9999
2 57180  97.6644 260.7692 0020295 135.7742 224.5110 15.03355778  4775
1 57180U 23091Q   23210.76253738  .00005813  00000-0  43044-3 0  9990
2 57180  97.6645 261.1646 0020315 134.4921 225.7969 15.03360333  4833
1 57180U 23091Q   23211.09533372  .00006239  00000-0  46159-3 0  9995
2 57180  97.6647 261.4941 0020325 133.4499 226.8421 15.03365199  4881
1 57180U 23091Q   23211.42812956  .00005862  00000-0  43399-3 0  9994
2 57180  97.6647 261.8236 0020336 132.3264 227.9688 15.03368142  4936
1 57180U 23091Q   23211.76092404  .00006095  00000-0  45098-3 0  9996
2 57180  97.6648 262.1532 0020348 131.2683 229.0299 15.03373007  4988
